label: "svo_d455_stereo"
id: 412eab8e4058621f7036b5e765dfe812
cameras:
- camera:
    label: cam0
    id: 54812562fa109c40fe90b29a59dd7798
    line-delay-nanoseconds: 0
    image_height: 480
    image_width: 640
    type: pinhole
    intrinsics:
      cols: 1
      rows: 4
      data: [399.0024581473677, 399.107713700555, 330.5502335903661, 232.34356498772945]
    distortion:
      type: radial-tangential  
      parameters:
        cols: 1
        rows: 4
        data: [0.027935376100044797, 0.03511131773175079, -0.00788041398845487, 0.006677041791795516]
  T_B_C:
    cols: 4
    rows: 4
    data: [ 0.9995895516132334, -0.005240012536758886, 0.02816505945794449, -0.026411010537556314,
        0.006051719488733968, 0.9995665259105149, -0.028812097639940592, 0.005466963697616972,
        -0.028001874881597055, 0.02897071880016791, 0.999187966528479, 0.001788235883375915,
        0.0, 0.0, 0.0, 1.0 ]
- camera:
    label: cam1
    id: 54812562fa109c40fe90b29a59dd7723
    line-delay-nanoseconds: 0
    image_height: 480
    image_width: 640
    type: pinhole

    intrinsics:
      cols: 1
      rows: 4
      data: [400.0096559995078, 399.6195836605581, 319.73621371469375, 234.61719411841432]
    distortion:
      type: radial-tangential  
      parameters:
        cols: 1
        rows: 4
        data: [0.024038829337909587, 0.020987576908502052, -0.004443037842424018,
               0.0034647570089133004]
  T_B_C:
    cols: 4
    rows: 4
    data: [0.0125552670891, -0.999755099723, 0.0182237714554, -0.0198435579556,
           0.999598781151, 0.0130119051815, 0.0251588363115, 0.0453689425024,
          -0.0253898008918, 0.0179005838253, 0.999517347078, 0.00786212447038,
           0.0, 0.0, 0.0, 1.0]

imu_params:
  delay_imu_cam: 0.0
  max_imu_delta_t: 0.01
  acc_max: 176.0
  omega_max: 7.8
  sigma_omega_c: 0.000187
  sigma_acc_c: 0.00186
  sigma_omega_bias_c: 2.66e-05
  sigma_acc_bias_c: 0.000433
  sigma_integration: 0.0
  g: 9.8082
  imu_rate: 200.0

imu_initialization:
  velocity: [0.0, 0, 0.0]
  omega_bias: [0.0, 0, 0.0]
  acc_bias: [0.0, 0.0, 0.0]
  velocity_sigma: 1.0
  omega_bias_sigma: 0.000187
  acc_bias_sigma: 0.00186

